9 92
6 8 35
6 5 187
1 7 1
2 4 66
5 1 259
1 8 253
7 5 275
4 2 235
5 6 107
5 9 70
2 5 128
9 2 190
1 5 71
7 8 160
7 3 11
8 1 82
7 6 3
7 1 118
2 4 15
9 4 176
7 4 11
3 8 192
9 7 12
6 3 106
9 1 22
4 8 128
6 4 155
4 8 81
5 9 119
3 1 264
9 5 208
6 2 119
4 9 14
5 1 275
8 9 39
6 3 181
7 9 217
8 7 154
3 9 193
3 8 131
5 3 277
2 5 251
2 3 13
4 5 225
8 9 209
8 4 161
1 4 288
6 7 297
4 5 198
6 3 41
6 4 201
4 7 242
9 4 231
9 3 252
1 2 204
4 3 224
7 4 241
5 8 29
5 2 127
7 3 75
5 8 220
3 2 259
4 7 287
9 3 187
8 3 16
2 3 224
8 7 97
1 3 151
3 8 261
4 5 93
9 8 221
8 3 52
7 8 295
4 9 253
3 5 224
7 5 31
8 4 140
8 1 28
7 4 166
8 7 151
7 3 240
3 6 212
4 7 79
7 1 183
2 4 255
9 4 291
6 7 65
3 8 274
2 5 78
8 1 240
8 4 174
7 4 82
-1
