100
15 8 0
19 22 24 8 56 45 0
45 20 36 18 28 30 0
43 20 0
71 70 63 10 83 83 0
83 39 92 21 33 35 0
81 29 47 68 7 17 45 0
6 84 1 43 0
97 0
8 71 83 86 72 5 43 26 10 87 0
11 46 0
35 14 17 64 92 0
44 73 22 0
78 67 35 54 75 37 46 97 95 0
94 100 32 1 1 6 77 0
63 42 55 19 30 67 87 0
99 15 24 31 2 41 16 0
98 0
49 45 0
4 65 8 100 40 22 17 14 74 0
21 34 87 25 92 10 82 18 89 47 0
85 32 58 29 8 75 2 61 12 0
90 9 53 10 85 18 0
47 12 66 44 94 96 0
11 21 90 85 58 66 76 0
0
85 73 88 0
90 41 21 70 90 11 30 0
3 3 15 0
45 12 58 0
3 0
14 0
50 71 68 67 14 95 81 91 11 0
51 0
0
78 7 0
61 66 51 78 0
90 68 81 59 100 54 87 62 60 0
68 39 67 70 65 55 7 53 91 0
99 30 45 97 24 0
26 13 42 49 0
95 42 0
21 31 68 0
53 87 0
15 32 40 66 25 20 73 91 0
20 64 0
91 72 61 100 14 18 10 25 34 57 0
46 18 0
100 24 3 15 82 0
2 42 86 32 91 0
68 80 97 18 45 0
75 7 0
50 17 0
25 100 100 73 70 55 65 25 0
0
77 50 34 38 100 59 0
47 4 19 64 8 88 75 49 0
52 12 75 0
52 0
35 21 10 48 26 32 13 81 54 14 0
58 89 41 57 6 69 0
32 67 92 100 38 89 0
0
58 0
0
47 15 15 56 97 0
65 100 4 0
34 66 95 1 75 27 21 86 0
82 22 89 0
89 16 28 21 95 0
37 71 0
0
18 0
88 0
17 95 28 88 4 60 72 16 61 0
26 14 7 9 80 41 71 0
77 42 5 0
87 72 67 84 75 15 24 5 0
15 62 15 79 82 42 58 0
94 48 95 85 8 0
100 80 92 62 71 38 82 80 71 54 0
17 71 61 31 58 97 1 46 57 88 0
18 43 59 79 0
36 0
16 14 87 56 1 67 46 0
48 28 27 81 47 62 51 0
51 21 43 11 42 0
94 47 28 2 91 79 59 24 0
16 11 9 98 34 75 44 90 3 0
52 28 3 1 93 0
12 56 11 67 95 29 63 32 0
51 43 87 40 86 18 71 0
48 52 13 12 94 94 50 0
36 5 70 37 79 87 20 2 75 51 0
53 78 75 18 89 56 42 36 0
0
0
26 30 95 51 86 42 17 0
0
68 0
